Puzzle 1:
1 2 3 . 5 6 7 8 9 . 11 12 13 14 15 16 
5 6 7 8 9 . 11 12 13 14 15 16 1 2 3 . 
9 . 11 12 13 14 15 16 1 2 3 4 5 6 7 8 
13 14 15 16 1 2 3 . 5 6 7 8 9 . 11 12 
2 3 4 5 6 7 8 9 . 11 12 13 14 15 16 1 
6 7 8 9 . 11 12 13 14 15 16 1 2 3 . 5 
. 11 12 13 14 15 16 1 2 3 4 5 6 7 8 9 
14 15 16 1 2 3 . 5 6 7 8 9 . 11 12 13 
3 4 5 6 7 8 9 . 11 12 13 14 15 16 1 2 
7 8 9 10 11 12 13 14 . 16 1 2 3 4 5 6 
11 12 13 14 . 16 1 2 3 4 5 6 7 8 9 10 
. 16 1 2 3 4 5 6 7 8 9 10 11 12 13 14 
4 5 6 7 8 9 10 11 12 13 14 . 16 1 2 3 
8 9 10 11 12 13 14 . 16 1 2 3 4 5 6 7 
12 13 14 . 16 1 2 3 4 5 6 7 8 9 10 11 
16 1 2 3 4 5 6 7 8 9 10 11 12 13 14 . 
Grid size: 16x16

>>>> Solving with BFS...
>>> Solutions found using BFS:
Solution 1:
1 2 3 4 5 6 7 8 9 10 11 12 13 14 15 16 
5 6 7 8 9 10 11 12 13 14 15 16 1 2 3 4 
9 10 11 12 13 14 15 16 1 2 3 4 5 6 7 8 
13 14 15 16 1 2 3 4 5 6 7 8 9 10 11 12 
2 3 4 5 6 7 8 9 10 11 12 13 14 15 16 1 
6 7 8 9 10 11 12 13 14 15 16 1 2 3 4 5 
10 11 12 13 14 15 16 1 2 3 4 5 6 7 8 9 
14 15 16 1 2 3 4 5 6 7 8 9 10 11 12 13 
3 4 5 6 7 8 9 10 11 12 13 14 15 16 1 2 
7 8 9 10 11 12 13 14 15 16 1 2 3 4 5 6 
11 12 13 14 15 16 1 2 3 4 5 6 7 8 9 10 
15 16 1 2 3 4 5 6 7 8 9 10 11 12 13 14 
4 5 6 7 8 9 10 11 12 13 14 15 16 1 2 3 
8 9 10 11 12 13 14 15 16 1 2 3 4 5 6 7 
12 13 14 15 16 1 2 3 4 5 6 7 8 9 10 11 
16 1 2 3 4 5 6 7 8 9 10 11 12 13 14 15 

BFS Time: 10.58 ms


>>>> Solving with DLS...
>>> Solutions found using DLS:
Solution 1:
1 2 3 4 5 6 7 8 9 10 11 12 13 14 15 16 
5 6 7 8 9 10 11 12 13 14 15 16 1 2 3 4 
9 10 11 12 13 14 15 16 1 2 3 4 5 6 7 8 
13 14 15 16 1 2 3 4 5 6 7 8 9 10 11 12 
2 3 4 5 6 7 8 9 10 11 12 13 14 15 16 1 
6 7 8 9 10 11 12 13 14 15 16 1 2 3 4 5 
10 11 12 13 14 15 16 1 2 3 4 5 6 7 8 9 
14 15 16 1 2 3 4 5 6 7 8 9 10 11 12 13 
3 4 5 6 7 8 9 10 11 12 13 14 15 16 1 2 
7 8 9 10 11 12 13 14 15 16 1 2 3 4 5 6 
11 12 13 14 15 16 1 2 3 4 5 6 7 8 9 10 
15 16 1 2 3 4 5 6 7 8 9 10 11 12 13 14 
4 5 6 7 8 9 10 11 12 13 14 15 16 1 2 3 
8 9 10 11 12 13 14 15 16 1 2 3 4 5 6 7 
12 13 14 15 16 1 2 3 4 5 6 7 8 9 10 11 
16 1 2 3 4 5 6 7 8 9 10 11 12 13 14 15 

DLS Time: 85.76 ms


Puzzle 2:
1 2 3 . 5 6 7 8 . . 11 12 13 14 15 16 
5 6 7 8 9 . 11 12 13 14 15 16 1 2 3 . 
9 . 11 12 13 14 15 16 1 2 3 4 5 6 . 8 
13 14 15 16 1 2 3 . 5 6 . 8 9 . 11 12 
2 3 4 5 6 . 8 . . 11 12 13 14 15 16 1 
6 . 8 9 . 11 12 13 14 15 16 1 2 3 . 5 
. 11 12 13 14 15 16 1 2 3 4 5 6 . 8 9 
14 15 16 1 2 3 . 5 6 7 8 . . 11 12 13 
3 4 5 6 7 8 9 . 11 12 13 14 15 16 1 2 
7 8 . 10 11 12 13 14 . 16 1 2 3 4 5 6 
11 12 13 14 . 16 1 2 3 4 5 6 7 8 9 10 
. 16 1 2 3 4 5 6 7 8 9 10 11 12 13 14 
4 5 6 7 8 9 10 11 12 13 14 . 16 1 2 3 
8 . 10 11 12 13 14 . 16 1 2 3 4 5 6 . 
12 13 14 . 16 1 2 3 4 5 6 . 8 9 10 11 
16 1 2 3 4 5 6 . 8 9 10 11 12 13 14 . 
Grid size: 16x16

>>>> Solving with BFS...
>>> Solutions found using BFS:
Solution 1:
1 2 3 4 5 6 7 8 9 10 11 12 13 14 15 16 
5 6 7 8 9 10 11 12 13 14 15 16 1 2 3 4 
9 10 11 12 13 14 15 16 1 2 3 4 5 6 7 8 
13 14 15 16 1 2 3 4 5 6 7 8 9 10 11 12 
2 3 4 5 6 7 8 9 10 11 12 13 14 15 16 1 
6 7 8 9 10 11 12 13 14 15 16 1 2 3 4 5 
10 11 12 13 14 15 16 1 2 3 4 5 6 7 8 9 
14 15 16 1 2 3 4 5 6 7 8 9 10 11 12 13 
3 4 5 6 7 8 9 10 11 12 13 14 15 16 1 2 
7 8 9 10 11 12 13 14 15 16 1 2 3 4 5 6 
11 12 13 14 15 16 1 2 3 4 5 6 7 8 9 10 
15 16 1 2 3 4 5 6 7 8 9 10 11 12 13 14 
4 5 6 7 8 9 10 11 12 13 14 15 16 1 2 3 
8 9 10 11 12 13 14 7 16 1 2 3 4 5 6 15 
12 13 14 15 16 1 2 3 4 5 6 7 8 9 10 11 
16 1 2 3 4 5 6 15 8 9 10 11 12 13 14 7 

Solution 2:
1 2 3 4 5 6 7 8 9 10 11 12 13 14 15 16 
5 6 7 8 9 10 11 12 13 14 15 16 1 2 3 4 
9 10 11 12 13 14 15 16 1 2 3 4 5 6 7 8 
13 14 15 16 1 2 3 4 5 6 7 8 9 10 11 12 
2 3 4 5 6 7 8 9 10 11 12 13 14 15 16 1 
6 7 8 9 10 11 12 13 14 15 16 1 2 3 4 5 
10 11 12 13 14 15 16 1 2 3 4 5 6 7 8 9 
14 15 16 1 2 3 4 5 6 7 8 9 10 11 12 13 
3 4 5 6 7 8 9 10 11 12 13 14 15 16 1 2 
7 8 9 10 11 12 13 14 15 16 1 2 3 4 5 6 
11 12 13 14 15 16 1 2 3 4 5 6 7 8 9 10 
15 16 1 2 3 4 5 6 7 8 9 10 11 12 13 14 
4 5 6 7 8 9 10 11 12 13 14 15 16 1 2 3 
8 9 10 11 12 13 14 15 16 1 2 3 4 5 6 7 
12 13 14 15 16 1 2 3 4 5 6 7 8 9 10 11 
16 1 2 3 4 5 6 7 8 9 10 11 12 13 14 15 

BFS Time: 4.94 ms


>>>> Solving with DLS...
>>> Solutions found using DLS:
Solution 1:
1 2 3 4 5 6 7 8 9 10 11 12 13 14 15 16 
5 6 7 8 9 10 11 12 13 14 15 16 1 2 3 4 
9 10 11 12 13 14 15 16 1 2 3 4 5 6 7 8 
13 14 15 16 1 2 3 4 5 6 7 8 9 10 11 12 
2 3 4 5 6 7 8 9 10 11 12 13 14 15 16 1 
6 7 8 9 10 11 12 13 14 15 16 1 2 3 4 5 
10 11 12 13 14 15 16 1 2 3 4 5 6 7 8 9 
14 15 16 1 2 3 4 5 6 7 8 9 10 11 12 13 
3 4 5 6 7 8 9 10 11 12 13 14 15 16 1 2 
7 8 9 10 11 12 13 14 15 16 1 2 3 4 5 6 
11 12 13 14 15 16 1 2 3 4 5 6 7 8 9 10 
15 16 1 2 3 4 5 6 7 8 9 10 11 12 13 14 
4 5 6 7 8 9 10 11 12 13 14 15 16 1 2 3 
8 9 10 11 12 13 14 7 16 1 2 3 4 5 6 15 
12 13 14 15 16 1 2 3 4 5 6 7 8 9 10 11 
16 1 2 3 4 5 6 15 8 9 10 11 12 13 14 7 

Solution 2:
1 2 3 4 5 6 7 8 9 10 11 12 13 14 15 16 
5 6 7 8 9 10 11 12 13 14 15 16 1 2 3 4 
9 10 11 12 13 14 15 16 1 2 3 4 5 6 7 8 
13 14 15 16 1 2 3 4 5 6 7 8 9 10 11 12 
2 3 4 5 6 7 8 9 10 11 12 13 14 15 16 1 
6 7 8 9 10 11 12 13 14 15 16 1 2 3 4 5 
10 11 12 13 14 15 16 1 2 3 4 5 6 7 8 9 
14 15 16 1 2 3 4 5 6 7 8 9 10 11 12 13 
3 4 5 6 7 8 9 10 11 12 13 14 15 16 1 2 
7 8 9 10 11 12 13 14 15 16 1 2 3 4 5 6 
11 12 13 14 15 16 1 2 3 4 5 6 7 8 9 10 
15 16 1 2 3 4 5 6 7 8 9 10 11 12 13 14 
4 5 6 7 8 9 10 11 12 13 14 15 16 1 2 3 
8 9 10 11 12 13 14 15 16 1 2 3 4 5 6 7 
12 13 14 15 16 1 2 3 4 5 6 7 8 9 10 11 
16 1 2 3 4 5 6 7 8 9 10 11 12 13 14 15 

DLS Time: 38.09 ms


Puzzle 3:
1 2 3 . 5 6 . 8 9 . 11 12 13 14 15 . 
5 6 . 8 . . 11 12 . 14 15 16 1 2 3 . 
9 . 11 12 . 14 15 16 1 2 3 4 5 6 . . 
. 14 15 . 1 2 3 . 5 6 . . . . 11 12 
2 3 4 5 6 . . . . . 12 . 14 . . 1 
6 7 . . . . 12 13 14 15 . 1 2 3 . 5 
. . 12 13 14 . . 1 2 3 4 5 6 7 . . 
14 15 . 1 2 3 . 5 6 7 . 9 . . 12 13 
3 4 5 6 . . 9 . . 12 13 14 15 . 1 2 
7 . . 10 . 12 . 14 . . 1 2 3 4 5 6 
. 12 . 14 . . 1 2 3 4 5 6 . . . 10 
. 16 1 2 3 4 5 6 . 8 . 10 11 12 . 14 
4 5 6 7 8 9 10 11 12 . 14 . 16 1 2 3 
8 9 10 11 12 . 14 . 16 1 2 3 4 5 6 7 
12 . 14 . 16 1 2 3 4 5 6 . . 9 10 . 
16 1 2 3 4 5 6 . . 9 10 . 12 . 14 . 
Grid size: 16x16

>>>> Solving with BFS...
>>> Solutions found using BFS:
Solution 1:
1 2 3 4 5 6 7 8 9 10 11 12 13 14 15 16 
5 6 7 8 9 10 11 12 13 14 15 16 1 2 3 4 
9 10 11 12 13 14 15 16 1 2 3 4 5 6 7 8 
13 14 15 16 1 2 3 4 5 6 7 8 9 10 11 12 
2 3 4 5 6 7 8 9 10 11 12 13 14 15 16 1 
6 7 8 9 10 11 12 13 14 15 16 1 2 3 4 5 
10 11 12 13 14 15 16 1 2 3 4 5 6 7 8 9 
14 15 16 1 2 3 4 5 6 7 8 9 10 11 12 13 
3 4 5 6 7 8 9 10 11 12 13 14 15 16 1 2 
7 8 9 10 11 12 13 14 15 16 1 2 3 4 5 6 
11 12 13 14 15 16 1 2 3 4 5 6 7 8 9 10 
15 16 1 2 3 4 5 6 7 8 9 10 11 12 13 14 
4 5 6 7 8 9 10 11 12 13 14 15 16 1 2 3 
8 9 10 11 12 13 14 15 16 1 2 3 4 5 6 7 
12 13 14 15 16 1 2 3 4 5 6 7 8 9 10 11 
16 1 2 3 4 5 6 7 8 9 10 11 12 13 14 15 

Solution 2:
1 2 3 4 5 6 7 8 9 10 11 12 13 14 15 16 
5 6 7 8 9 10 11 12 13 14 15 16 1 2 3 4 
9 10 11 12 13 14 15 16 1 2 3 4 5 6 7 8 
13 14 15 16 1 2 3 4 5 6 7 8 9 10 11 12 
2 3 4 5 6 7 8 9 10 11 12 13 14 15 16 1 
6 7 8 9 10 11 12 13 14 15 16 1 2 3 4 5 
10 11 12 13 14 15 16 1 2 3 4 5 6 7 8 9 
14 15 16 1 2 3 4 5 6 7 8 9 10 11 12 13 
3 4 5 6 7 16 9 10 11 12 13 14 15 8 1 2 
7 8 9 10 11 12 13 14 15 16 1 2 3 4 5 6 
11 12 13 14 15 8 1 2 3 4 5 6 7 16 9 10 
15 16 1 2 3 4 5 6 7 8 9 10 11 12 13 14 
4 5 6 7 8 9 10 11 12 13 14 15 16 1 2 3 
8 9 10 11 12 13 14 15 16 1 2 3 4 5 6 7 
12 13 14 15 16 1 2 3 4 5 6 7 8 9 10 11 
16 1 2 3 4 5 6 7 8 9 10 11 12 13 14 15 

Solution 3:
1 2 3 4 5 6 7 8 9 10 11 12 13 14 15 16 
5 6 7 8 9 10 11 12 13 14 15 16 1 2 3 4 
9 10 11 12 13 14 15 16 1 2 3 4 5 6 7 8 
13 14 15 16 1 2 3 4 5 6 7 8 9 10 11 12 
2 3 4 5 6 7 8 9 10 11 12 13 14 15 16 1 
6 7 16 9 10 11 12 13 14 15 8 1 2 3 4 5 
10 11 12 13 14 15 16 1 2 3 4 5 6 7 8 9 
14 15 8 1 2 3 4 5 6 7 16 9 10 11 12 13 
3 4 5 6 7 8 9 10 11 12 13 14 15 16 1 2 
7 8 9 10 11 12 13 14 15 16 1 2 3 4 5 6 
11 12 13 14 15 16 1 2 3 4 5 6 7 8 9 10 
15 16 1 2 3 4 5 6 7 8 9 10 11 12 13 14 
4 5 6 7 8 9 10 11 12 13 14 15 16 1 2 3 
8 9 10 11 12 13 14 15 16 1 2 3 4 5 6 7 
12 13 14 15 16 1 2 3 4 5 6 7 8 9 10 11 
16 1 2 3 4 5 6 7 8 9 10 11 12 13 14 15 

Solution 4:
1 2 3 4 5 6 7 8 9 10 11 12 13 14 15 16 
5 6 7 8 9 10 11 12 13 14 15 16 1 2 3 4 
9 10 11 12 13 14 15 16 1 2 3 4 5 6 7 8 
13 14 15 16 1 2 3 4 5 6 7 8 9 10 11 12 
2 3 4 5 6 7 8 9 10 11 12 13 14 15 16 1 
6 7 16 9 10 11 12 13 14 15 8 1 2 3 4 5 
10 11 12 13 14 15 16 1 2 3 4 5 6 7 8 9 
14 15 8 1 2 3 4 5 6 7 16 9 10 11 12 13 
3 4 5 6 7 16 9 10 11 12 13 14 15 8 1 2 
7 8 9 10 11 12 13 14 15 16 1 2 3 4 5 6 
11 12 13 14 15 8 1 2 3 4 5 6 7 16 9 10 
15 16 1 2 3 4 5 6 7 8 9 10 11 12 13 14 
4 5 6 7 8 9 10 11 12 13 14 15 16 1 2 3 
8 9 10 11 12 13 14 15 16 1 2 3 4 5 6 7 
12 13 14 15 16 1 2 3 4 5 6 7 8 9 10 11 
16 1 2 3 4 5 6 7 8 9 10 11 12 13 14 15 

Solution 5:
1 2 3 4 5 6 7 8 9 10 11 12 13 14 15 16 
5 6 7 8 9 10 11 12 13 14 15 16 1 2 3 4 
9 10 11 12 13 14 15 16 1 2 3 4 5 6 7 8 
13 14 15 16 1 2 3 4 5 6 7 8 9 10 11 12 
2 3 4 5 6 7 16 9 10 11 12 13 14 15 8 1 
6 7 8 9 10 11 12 13 14 15 16 1 2 3 4 5 
10 11 12 13 14 15 8 1 2 3 4 5 6 7 16 9 
14 15 16 1 2 3 4 5 6 7 8 9 10 11 12 13 
3 4 5 6 7 8 9 10 11 12 13 14 15 16 1 2 
7 8 9 10 11 12 13 14 15 16 1 2 3 4 5 6 
11 12 13 14 15 16 1 2 3 4 5 6 7 8 9 10 
15 16 1 2 3 4 5 6 7 8 9 10 11 12 13 14 
4 5 6 7 8 9 10 11 12 13 14 15 16 1 2 3 
8 9 10 11 12 13 14 15 16 1 2 3 4 5 6 7 
12 13 14 15 16 1 2 3 4 5 6 7 8 9 10 11 
16 1 2 3 4 5 6 7 8 9 10 11 12 13 14 15 

Solution 6:
1 2 3 4 5 6 7 8 9 10 11 12 13 14 15 16 
5 6 7 8 9 10 11 12 13 14 15 16 1 2 3 4 
9 10 11 12 13 14 15 16 1 2 3 4 5 6 7 8 
13 14 15 16 1 2 3 4 5 6 7 8 9 10 11 12 
2 3 4 5 6 7 16 9 10 11 12 13 14 15 8 1 
6 7 8 9 10 11 12 13 14 15 16 1 2 3 4 5 
10 11 12 13 14 15 8 1 2 3 4 5 6 7 16 9 
14 15 16 1 2 3 4 5 6 7 8 9 10 11 12 13 
3 4 5 6 7 16 9 10 11 12 13 14 15 8 1 2 
7 8 9 10 11 12 13 14 15 16 1 2 3 4 5 6 
11 12 13 14 15 8 1 2 3 4 5 6 7 16 9 10 
15 16 1 2 3 4 5 6 7 8 9 10 11 12 13 14 
4 5 6 7 8 9 10 11 12 13 14 15 16 1 2 3 
8 9 10 11 12 13 14 15 16 1 2 3 4 5 6 7 
12 13 14 15 16 1 2 3 4 5 6 7 8 9 10 11 
16 1 2 3 4 5 6 7 8 9 10 11 12 13 14 15 

Solution 7:
1 2 3 4 5 6 7 8 9 10 11 12 13 14 15 16 
5 6 7 8 9 10 11 12 13 14 15 16 1 2 3 4 
9 10 11 12 13 14 15 16 1 2 3 4 5 6 7 8 
13 14 15 16 1 2 3 4 5 6 7 8 9 10 11 12 
2 3 4 5 6 7 16 9 10 11 12 13 14 15 8 1 
6 7 16 9 10 11 12 13 14 15 8 1 2 3 4 5 
10 11 12 13 14 15 8 1 2 3 4 5 6 7 16 9 
14 15 8 1 2 3 4 5 6 7 16 9 10 11 12 13 
3 4 5 6 7 8 9 10 11 12 13 14 15 16 1 2 
7 8 9 10 11 12 13 14 15 16 1 2 3 4 5 6 
11 12 13 14 15 16 1 2 3 4 5 6 7 8 9 10 
15 16 1 2 3 4 5 6 7 8 9 10 11 12 13 14 
4 5 6 7 8 9 10 11 12 13 14 15 16 1 2 3 
8 9 10 11 12 13 14 15 16 1 2 3 4 5 6 7 
12 13 14 15 16 1 2 3 4 5 6 7 8 9 10 11 
16 1 2 3 4 5 6 7 8 9 10 11 12 13 14 15 

Solution 8:
1 2 3 4 5 6 7 8 9 10 11 12 13 14 15 16 
5 6 7 8 9 10 11 12 13 14 15 16 1 2 3 4 
9 10 11 12 13 14 15 16 1 2 3 4 5 6 7 8 
13 14 15 16 1 2 3 4 5 6 7 8 9 10 11 12 
2 3 4 5 6 7 16 9 10 11 12 13 14 15 8 1 
6 7 16 9 10 11 12 13 14 15 8 1 2 3 4 5 
10 11 12 13 14 15 8 1 2 3 4 5 6 7 16 9 
14 15 8 1 2 3 4 5 6 7 16 9 10 11 12 13 
3 4 5 6 7 16 9 10 11 12 13 14 15 8 1 2 
7 8 9 10 11 12 13 14 15 16 1 2 3 4 5 6 
11 12 13 14 15 8 1 2 3 4 5 6 7 16 9 10 
15 16 1 2 3 4 5 6 7 8 9 10 11 12 13 14 
4 5 6 7 8 9 10 11 12 13 14 15 16 1 2 3 
8 9 10 11 12 13 14 15 16 1 2 3 4 5 6 7 
12 13 14 15 16 1 2 3 4 5 6 7 8 9 10 11 
16 1 2 3 4 5 6 7 8 9 10 11 12 13 14 15 

BFS Time: 164.62 ms


>>>> Solving with DLS...
>>> Solutions found using DLS:
Solution 1:
1 2 3 4 5 6 7 8 9 10 11 12 13 14 15 16 
5 6 7 8 9 10 11 12 13 14 15 16 1 2 3 4 
9 10 11 12 13 14 15 16 1 2 3 4 5 6 7 8 
13 14 15 16 1 2 3 4 5 6 7 8 9 10 11 12 
2 3 4 5 6 7 16 9 10 11 12 13 14 15 8 1 
6 7 16 9 10 11 12 13 14 15 8 1 2 3 4 5 
10 11 12 13 14 15 8 1 2 3 4 5 6 7 16 9 
14 15 8 1 2 3 4 5 6 7 16 9 10 11 12 13 
3 4 5 6 7 16 9 10 11 12 13 14 15 8 1 2 
7 8 9 10 11 12 13 14 15 16 1 2 3 4 5 6 
11 12 13 14 15 8 1 2 3 4 5 6 7 16 9 10 
15 16 1 2 3 4 5 6 7 8 9 10 11 12 13 14 
4 5 6 7 8 9 10 11 12 13 14 15 16 1 2 3 
8 9 10 11 12 13 14 15 16 1 2 3 4 5 6 7 
12 13 14 15 16 1 2 3 4 5 6 7 8 9 10 11 
16 1 2 3 4 5 6 7 8 9 10 11 12 13 14 15 

Solution 2:
1 2 3 4 5 6 7 8 9 10 11 12 13 14 15 16 
5 6 7 8 9 10 11 12 13 14 15 16 1 2 3 4 
9 10 11 12 13 14 15 16 1 2 3 4 5 6 7 8 
13 14 15 16 1 2 3 4 5 6 7 8 9 10 11 12 
2 3 4 5 6 7 16 9 10 11 12 13 14 15 8 1 
6 7 16 9 10 11 12 13 14 15 8 1 2 3 4 5 
10 11 12 13 14 15 8 1 2 3 4 5 6 7 16 9 
14 15 8 1 2 3 4 5 6 7 16 9 10 11 12 13 
3 4 5 6 7 8 9 10 11 12 13 14 15 16 1 2 
7 8 9 10 11 12 13 14 15 16 1 2 3 4 5 6 
11 12 13 14 15 16 1 2 3 4 5 6 7 8 9 10 
15 16 1 2 3 4 5 6 7 8 9 10 11 12 13 14 
4 5 6 7 8 9 10 11 12 13 14 15 16 1 2 3 
8 9 10 11 12 13 14 15 16 1 2 3 4 5 6 7 
12 13 14 15 16 1 2 3 4 5 6 7 8 9 10 11 
16 1 2 3 4 5 6 7 8 9 10 11 12 13 14 15 

Solution 3:
1 2 3 4 5 6 7 8 9 10 11 12 13 14 15 16 
5 6 7 8 9 10 11 12 13 14 15 16 1 2 3 4 
9 10 11 12 13 14 15 16 1 2 3 4 5 6 7 8 
13 14 15 16 1 2 3 4 5 6 7 8 9 10 11 12 
2 3 4 5 6 7 8 9 10 11 12 13 14 15 16 1 
6 7 16 9 10 11 12 13 14 15 8 1 2 3 4 5 
10 11 12 13 14 15 16 1 2 3 4 5 6 7 8 9 
14 15 8 1 2 3 4 5 6 7 16 9 10 11 12 13 
3 4 5 6 7 16 9 10 11 12 13 14 15 8 1 2 
7 8 9 10 11 12 13 14 15 16 1 2 3 4 5 6 
11 12 13 14 15 8 1 2 3 4 5 6 7 16 9 10 
15 16 1 2 3 4 5 6 7 8 9 10 11 12 13 14 
4 5 6 7 8 9 10 11 12 13 14 15 16 1 2 3 
8 9 10 11 12 13 14 15 16 1 2 3 4 5 6 7 
12 13 14 15 16 1 2 3 4 5 6 7 8 9 10 11 
16 1 2 3 4 5 6 7 8 9 10 11 12 13 14 15 

Solution 4:
1 2 3 4 5 6 7 8 9 10 11 12 13 14 15 16 
5 6 7 8 9 10 11 12 13 14 15 16 1 2 3 4 
9 10 11 12 13 14 15 16 1 2 3 4 5 6 7 8 
13 14 15 16 1 2 3 4 5 6 7 8 9 10 11 12 
2 3 4 5 6 7 8 9 10 11 12 13 14 15 16 1 
6 7 16 9 10 11 12 13 14 15 8 1 2 3 4 5 
10 11 12 13 14 15 16 1 2 3 4 5 6 7 8 9 
14 15 8 1 2 3 4 5 6 7 16 9 10 11 12 13 
3 4 5 6 7 8 9 10 11 12 13 14 15 16 1 2 
7 8 9 10 11 12 13 14 15 16 1 2 3 4 5 6 
11 12 13 14 15 16 1 2 3 4 5 6 7 8 9 10 
15 16 1 2 3 4 5 6 7 8 9 10 11 12 13 14 
4 5 6 7 8 9 10 11 12 13 14 15 16 1 2 3 
8 9 10 11 12 13 14 15 16 1 2 3 4 5 6 7 
12 13 14 15 16 1 2 3 4 5 6 7 8 9 10 11 
16 1 2 3 4 5 6 7 8 9 10 11 12 13 14 15 

Solution 5:
1 2 3 4 5 6 7 8 9 10 11 12 13 14 15 16 
5 6 7 8 9 10 11 12 13 14 15 16 1 2 3 4 
9 10 11 12 13 14 15 16 1 2 3 4 5 6 7 8 
13 14 15 16 1 2 3 4 5 6 7 8 9 10 11 12 
2 3 4 5 6 7 16 9 10 11 12 13 14 15 8 1 
6 7 8 9 10 11 12 13 14 15 16 1 2 3 4 5 
10 11 12 13 14 15 8 1 2 3 4 5 6 7 16 9 
14 15 16 1 2 3 4 5 6 7 8 9 10 11 12 13 
3 4 5 6 7 16 9 10 11 12 13 14 15 8 1 2 
7 8 9 10 11 12 13 14 15 16 1 2 3 4 5 6 
11 12 13 14 15 8 1 2 3 4 5 6 7 16 9 10 
15 16 1 2 3 4 5 6 7 8 9 10 11 12 13 14 
4 5 6 7 8 9 10 11 12 13 14 15 16 1 2 3 
8 9 10 11 12 13 14 15 16 1 2 3 4 5 6 7 
12 13 14 15 16 1 2 3 4 5 6 7 8 9 10 11 
16 1 2 3 4 5 6 7 8 9 10 11 12 13 14 15 

Solution 6:
1 2 3 4 5 6 7 8 9 10 11 12 13 14 15 16 
5 6 7 8 9 10 11 12 13 14 15 16 1 2 3 4 
9 10 11 12 13 14 15 16 1 2 3 4 5 6 7 8 
13 14 15 16 1 2 3 4 5 6 7 8 9 10 11 12 
2 3 4 5 6 7 16 9 10 11 12 13 14 15 8 1 
6 7 8 9 10 11 12 13 14 15 16 1 2 3 4 5 
10 11 12 13 14 15 8 1 2 3 4 5 6 7 16 9 
14 15 16 1 2 3 4 5 6 7 8 9 10 11 12 13 
3 4 5 6 7 8 9 10 11 12 13 14 15 16 1 2 
7 8 9 10 11 12 13 14 15 16 1 2 3 4 5 6 
11 12 13 14 15 16 1 2 3 4 5 6 7 8 9 10 
15 16 1 2 3 4 5 6 7 8 9 10 11 12 13 14 
4 5 6 7 8 9 10 11 12 13 14 15 16 1 2 3 
8 9 10 11 12 13 14 15 16 1 2 3 4 5 6 7 
12 13 14 15 16 1 2 3 4 5 6 7 8 9 10 11 
16 1 2 3 4 5 6 7 8 9 10 11 12 13 14 15 

Solution 7:
1 2 3 4 5 6 7 8 9 10 11 12 13 14 15 16 
5 6 7 8 9 10 11 12 13 14 15 16 1 2 3 4 
9 10 11 12 13 14 15 16 1 2 3 4 5 6 7 8 
13 14 15 16 1 2 3 4 5 6 7 8 9 10 11 12 
2 3 4 5 6 7 8 9 10 11 12 13 14 15 16 1 
6 7 8 9 10 11 12 13 14 15 16 1 2 3 4 5 
10 11 12 13 14 15 16 1 2 3 4 5 6 7 8 9 
14 15 16 1 2 3 4 5 6 7 8 9 10 11 12 13 
3 4 5 6 7 16 9 10 11 12 13 14 15 8 1 2 
7 8 9 10 11 12 13 14 15 16 1 2 3 4 5 6 
11 12 13 14 15 8 1 2 3 4 5 6 7 16 9 10 
15 16 1 2 3 4 5 6 7 8 9 10 11 12 13 14 
4 5 6 7 8 9 10 11 12 13 14 15 16 1 2 3 
8 9 10 11 12 13 14 15 16 1 2 3 4 5 6 7 
12 13 14 15 16 1 2 3 4 5 6 7 8 9 10 11 
16 1 2 3 4 5 6 7 8 9 10 11 12 13 14 15 

Solution 8:
1 2 3 4 5 6 7 8 9 10 11 12 13 14 15 16 
5 6 7 8 9 10 11 12 13 14 15 16 1 2 3 4 
9 10 11 12 13 14 15 16 1 2 3 4 5 6 7 8 
13 14 15 16 1 2 3 4 5 6 7 8 9 10 11 12 
2 3 4 5 6 7 8 9 10 11 12 13 14 15 16 1 
6 7 8 9 10 11 12 13 14 15 16 1 2 3 4 5 
10 11 12 13 14 15 16 1 2 3 4 5 6 7 8 9 
14 15 16 1 2 3 4 5 6 7 8 9 10 11 12 13 
3 4 5 6 7 8 9 10 11 12 13 14 15 16 1 2 
7 8 9 10 11 12 13 14 15 16 1 2 3 4 5 6 
11 12 13 14 15 16 1 2 3 4 5 6 7 8 9 10 
15 16 1 2 3 4 5 6 7 8 9 10 11 12 13 14 
4 5 6 7 8 9 10 11 12 13 14 15 16 1 2 3 
8 9 10 11 12 13 14 15 16 1 2 3 4 5 6 7 
12 13 14 15 16 1 2 3 4 5 6 7 8 9 10 11 
16 1 2 3 4 5 6 7 8 9 10 11 12 13 14 15 

DLS Time: 14085.01 ms
