1 2 3 . 5 6 7 8 9 . 11 12 13 14 15 16
5 6 7 8 9 . 11 12 13 14 15 16 1 2 3 .
9 . 11 12 13 14 15 16 1 2 3 4 5 6 7 8
13 14 15 16 1 2 3 . 5 6 7 8 9 . 11 12
2 3 4 5 6 7 8 9 . 11 12 13 14 15 16 1
6 7 8 9 . 11 12 13 14 15 16 1 2 3 . 5
0 11 12 13 14 15 16 1 2 3 4 5 6 7 8 9
14 15 16 1 2 3 . 5 6 7 8 9 . 11 12 13
3 4 5 6 7 8 9 . 11 12 13 14 15 16 1 2
7 8 9 10 11 12 13 14 . 16 1 2 3 4 5 6
11 12 13 14 . 16 1 2 3 4 5 6 7 8 9 10
0 16 1 2 3 4 5 6 7 8 9 10 11 12 13 14
4 5 6 7 8 9 10 11 12 13 14 . 16 1 2 3
8 9 10 11 12 13 14 . 16 1 2 3 4 5 6 7
12 13 14 . 16 1 2 3 4 5 6 7 8 9 10 11
16 1 2 3 4 5 6 7 8 9 10 11 12 13 14 .

1 2 3 . 5 6 7 8 . . 11 12 13 14 15 16
5 6 7 8 9 . 11 12 13 14 15 16 1 2 3 .
9 . 11 12 13 14 15 16 1 2 3 4 5 6 . 8
13 14 15 16 1 2 3 . 5 6 . 8 9 . 11 12
2 3 4 5 6 . 8 . . 11 12 13 14 15 16 1
6 . 8 9 . 11 12 13 14 15 16 1 2 3 . 5
0 11 12 13 14 15 16 1 2 3 4 5 6 . 8 9
14 15 16 1 2 3 . 5 6 7 8 . . 11 12 13
3 4 5 6 7 8 9 . 11 12 13 14 15 16 1 2
7 8 . 10 11 12 13 14 . 16 1 2 3 4 5 6
11 12 13 14 . 16 1 2 3 4 5 6 7 8 9 10
0 16 1 2 3 4 5 6 7 8 9 10 11 12 13 14
4 5 6 7 8 9 10 11 12 13 14 . 16 1 2 3
8 . 10 11 12 13 14 . 16 1 2 3 4 5 6 .
12 13 14 . 16 1 2 3 4 5 6 . 8 9 10 11
16 1 2 3 4 5 6 . 8 9 10 11 12 13 14 .

1 2 3 . 5 6 . 8 9 . 11 12 13 14 15 .
5 6 . 8 . . 11 12 . 14 15 16 1 2 3 .
9 . 11 12 . 14 15 16 1 2 3 4 5 6 . .
 . 14 15 . 1 2 3 . 5 6 . . . . 11 12
2 3 4 5 6 . . . . . 12 . 14 . . 1
6 7 . . . . 12 13 14 15 . 1 2 3 . 5
0 . 12 13 14 . . 1 2 3 4 5 6 7 . .
14 15 . 1 2 3 . 5 6 7 . 9 . . 12 13
3 4 5 6 . . 9 . . 12 13 14 15 . 1 2
7 . . 10 . 12 . 14 . . 1 2 3 4 5 6
 . 12 . 14 . . 1 2 3 4 5 6 . . . 10
0 16 1 2 3 4 5 6 . 8 . 10 11 12 . 14
4 5 6 7 8 9 10 11 12 . 14 . 16 1 2 3
8 9 10 11 12 . 14 . 16 1 2 3 4 5 6 7
12 . 14 . 16 1 2 3 4 5 6 . . 9 10 .
16 1 2 3 4 5 6 . . 9 10 . 12 . 14 .
