Puzzle 1:
9 6 5 . . 2 1 . . 
3 . . . . . . 5 . 
1 . . . . . 3 . 6 
5 3 9 2 7 1 6 4 8 
2 7 6 8 . . . . 1 
4 . 8 5 . . 2 . . 
. 9 . . 5 . . . . 
. 2 4 3 . 8 9 6 . 
8 . . 6 . . . 3 4 
Grid size: 9x9

>>>> Solving with BFS...
>>> Solutions found using BFS:
Solution 1:
9 6 5 4 3 2 1 8 7 
3 8 2 1 6 7 4 5 9 
1 4 7 9 8 5 3 2 6 
5 3 9 2 7 1 6 4 8 
2 7 6 8 4 3 5 9 1 
4 1 8 5 9 6 2 7 3 
6 9 3 7 5 4 8 1 2 
7 2 4 3 1 8 9 6 5 
8 5 1 6 2 9 7 3 4 

BFS Time: 6.67 ms


>>>> Solving with DLS...
>>> Solutions found using DLS:
Solution 1:
9 6 5 4 3 2 1 8 7 
3 8 2 1 6 7 4 5 9 
1 4 7 9 8 5 3 2 6 
5 3 9 2 7 1 6 4 8 
2 7 6 8 4 3 5 9 1 
4 1 8 5 9 6 2 7 3 
6 9 3 7 5 4 8 1 2 
7 2 4 3 1 8 9 6 5 
8 5 1 6 2 9 7 3 4 

DLS Time: 37.91 ms


Puzzle 2:
. 6 5 . . 2 1 . . 
3 . . . . . . 5 . 
1 . . . . . 3 . 6 
. 3 9 2 . 1 6 4 8 
2 7 . 8 . . . . 1 
4 . 8 5 . . 2 . . 
. 9 . . 5 . . . . 
. 2 . 3 . 8 9 6 . 
8 . . 6 . . . 3 4 
Grid size: 9x9

>>>> Solving with BFS...
>>> Solutions found using BFS:
Solution 1:
9 6 5 4 3 2 1 8 7 
3 8 2 1 6 7 4 5 9 
1 4 7 9 8 5 3 2 6 
5 3 9 2 7 1 6 4 8 
2 7 6 8 4 3 5 9 1 
4 1 8 5 9 6 2 7 3 
6 9 3 7 5 4 8 1 2 
7 2 4 3 1 8 9 6 5 
8 5 1 6 2 9 7 3 4 

BFS Time: 4.45 ms


>>>> Solving with DLS...
>>> Solutions found using DLS:
Solution 1:
9 6 5 4 3 2 1 8 7 
3 8 2 1 6 7 4 5 9 
1 4 7 9 8 5 3 2 6 
5 3 9 2 7 1 6 4 8 
2 7 6 8 4 3 5 9 1 
4 1 8 5 9 6 2 7 3 
6 9 3 7 5 4 8 1 2 
7 2 4 3 1 8 9 6 5 
8 5 1 6 2 9 7 3 4 

DLS Time: 12.15 ms


Puzzle 3:
. . 5 . 3 . 1 . . 
. . . . 6 7 . 5 . 
1 4 . 9 . 5 . . . 
. 3 . 2 . 1 . 4 8 
2 . . . 4 . 5 9 1 
4 . . . . 6 . . . 
. 9 . 7 . . . . . 
7 . . . . . 9 . 5 
. . . . 2 . 7 3 . 
Grid size: 9x9

>>>> Solving with BFS...
>>> Solutions found using BFS:
Solution 1:
6 7 5 4 3 2 1 8 9 
9 8 2 1 6 7 4 5 3 
1 4 3 9 8 5 2 7 6 
5 3 9 2 7 1 6 4 8 
2 6 7 3 4 8 5 9 1 
4 1 8 5 9 6 3 2 7 
3 9 6 7 5 4 8 1 2 
7 2 4 8 1 3 9 6 5 
8 5 1 6 2 9 7 3 4 

Solution 2:
6 7 5 4 3 2 1 8 9 
9 8 2 1 6 7 4 5 3 
1 4 3 9 8 5 2 7 6 
5 3 9 2 7 1 6 4 8 
2 6 7 8 4 3 5 9 1 
4 1 8 5 9 6 3 2 7 
3 9 6 7 5 4 8 1 2 
7 2 4 3 1 8 9 6 5 
8 5 1 6 2 9 7 3 4 

Solution 3:
9 6 5 4 3 2 1 8 7 
3 8 2 1 6 7 4 5 9 
1 4 7 9 8 5 3 2 6 
5 3 9 2 7 1 6 4 8 
2 7 6 3 4 8 5 9 1 
4 1 8 5 9 6 2 7 3 
6 9 3 7 5 4 8 1 2 
7 2 4 8 1 3 9 6 5 
8 5 1 6 2 9 7 3 4 

Solution 4:
9 6 5 4 3 2 1 8 7 
3 8 2 1 6 7 4 5 9 
1 4 7 9 8 5 3 2 6 
5 3 9 2 7 1 6 4 8 
2 7 6 3 4 8 5 9 1 
4 1 8 5 9 6 2 7 3 
6 9 4 7 5 3 8 1 2 
7 2 3 8 1 4 9 6 5 
8 5 1 6 2 9 7 3 4 

Solution 5:
9 6 5 4 3 2 1 8 7 
3 8 2 1 6 7 4 5 9 
1 4 7 9 8 5 3 2 6 
5 3 9 2 7 1 6 4 8 
2 7 6 8 4 3 5 9 1 
4 1 8 5 9 6 2 7 3 
6 9 3 7 5 4 8 1 2 
7 2 4 3 1 8 9 6 5 
8 5 1 6 2 9 7 3 4 

Solution 6:
9 6 5 4 3 2 1 8 7 
8 2 3 1 6 7 4 5 9 
1 4 7 9 8 5 2 6 3 
5 3 9 2 7 1 6 4 8 
2 7 6 3 4 8 5 9 1 
4 1 8 5 9 6 3 7 2 
3 9 2 7 5 4 8 1 6 
7 8 4 6 1 3 9 2 5 
6 5 1 8 2 9 7 3 4 

Solution 7:
9 6 5 4 3 2 1 8 7 
8 2 3 1 6 7 4 5 9 
1 4 7 9 8 5 3 6 2 
5 3 9 2 7 1 6 4 8 
2 7 6 3 4 8 5 9 1 
4 1 8 5 9 6 2 7 3 
3 9 2 7 5 4 8 1 6 
7 8 4 6 1 3 9 2 5 
6 5 1 8 2 9 7 3 4 

Solution 8:
9 7 5 4 3 2 1 8 6 
3 8 2 1 6 7 4 5 9 
1 4 6 9 8 5 2 7 3 
5 3 9 2 7 1 6 4 8 
2 6 7 3 4 8 5 9 1 
4 1 8 5 9 6 3 2 7 
6 9 3 7 5 4 8 1 2 
7 2 4 8 1 3 9 6 5 
8 5 1 6 2 9 7 3 4 

Solution 9:
9 7 5 4 3 2 1 8 6 
3 8 2 1 6 7 4 5 9 
1 4 6 9 8 5 2 7 3 
5 3 9 2 7 1 6 4 8 
2 6 7 3 4 8 5 9 1 
4 1 8 5 9 6 3 2 7 
6 9 4 7 5 3 8 1 2 
7 2 3 8 1 4 9 6 5 
8 5 1 6 2 9 7 3 4 

Solution 10:
9 7 5 4 3 2 1 8 6 
3 8 2 1 6 7 4 5 9 
1 4 6 9 8 5 2 7 3 
5 3 9 2 7 1 6 4 8 
2 6 7 8 4 3 5 9 1 
4 1 8 5 9 6 3 2 7 
6 9 3 7 5 4 8 1 2 
7 2 4 3 1 8 9 6 5 
8 5 1 6 2 9 7 3 4 

Solution 11:
9 7 5 4 3 2 1 8 6 
3 8 2 1 6 7 4 5 9 
1 4 6 9 8 5 3 2 7 
5 3 9 2 7 1 6 4 8 
2 6 7 3 4 8 5 9 1 
4 1 8 5 9 6 2 7 3 
6 9 3 7 5 4 8 1 2 
7 2 4 8 1 3 9 6 5 
8 5 1 6 2 9 7 3 4 

Solution 12:
9 7 5 4 3 2 1 8 6 
3 8 2 1 6 7 4 5 9 
1 4 6 9 8 5 3 2 7 
5 3 9 2 7 1 6 4 8 
2 6 7 3 4 8 5 9 1 
4 1 8 5 9 6 2 7 3 
6 9 4 7 5 3 8 1 2 
7 2 3 8 1 4 9 6 5 
8 5 1 6 2 9 7 3 4 

Solution 13:
9 7 5 4 3 2 1 8 6 
3 8 2 1 6 7 4 5 9 
1 4 6 9 8 5 3 2 7 
5 3 9 2 7 1 6 4 8 
2 6 7 8 4 3 5 9 1 
4 1 8 5 9 6 2 7 3 
6 9 3 7 5 4 8 1 2 
7 2 4 3 1 8 9 6 5 
8 5 1 6 2 9 7 3 4 

BFS Time: 67.20 ms


>>>> Solving with DLS...
>>> Solutions found using DLS:
Solution 1:
9 6 5 4 3 2 1 8 7 
8 2 3 1 6 7 4 5 9 
1 4 7 9 8 5 3 6 2 
5 3 9 2 7 1 6 4 8 
2 7 6 3 4 8 5 9 1 
4 1 8 5 9 6 2 7 3 
3 9 2 7 5 4 8 1 6 
7 8 4 6 1 3 9 2 5 
6 5 1 8 2 9 7 3 4 

Solution 2:
9 6 5 4 3 2 1 8 7 
8 2 3 1 6 7 4 5 9 
1 4 7 9 8 5 2 6 3 
5 3 9 2 7 1 6 4 8 
2 7 6 3 4 8 5 9 1 
4 1 8 5 9 6 3 7 2 
3 9 2 7 5 4 8 1 6 
7 8 4 6 1 3 9 2 5 
6 5 1 8 2 9 7 3 4 

Solution 3:
9 7 5 4 3 2 1 8 6 
3 8 2 1 6 7 4 5 9 
1 4 6 9 8 5 3 2 7 
5 3 9 2 7 1 6 4 8 
2 6 7 3 4 8 5 9 1 
4 1 8 5 9 6 2 7 3 
6 9 4 7 5 3 8 1 2 
7 2 3 8 1 4 9 6 5 
8 5 1 6 2 9 7 3 4 

Solution 4:
9 7 5 4 3 2 1 8 6 
3 8 2 1 6 7 4 5 9 
1 4 6 9 8 5 3 2 7 
5 3 9 2 7 1 6 4 8 
2 6 7 3 4 8 5 9 1 
4 1 8 5 9 6 2 7 3 
6 9 3 7 5 4 8 1 2 
7 2 4 8 1 3 9 6 5 
8 5 1 6 2 9 7 3 4 

Solution 5:
9 6 5 4 3 2 1 8 7 
3 8 2 1 6 7 4 5 9 
1 4 7 9 8 5 3 2 6 
5 3 9 2 7 1 6 4 8 
2 7 6 3 4 8 5 9 1 
4 1 8 5 9 6 2 7 3 
6 9 4 7 5 3 8 1 2 
7 2 3 8 1 4 9 6 5 
8 5 1 6 2 9 7 3 4 

Solution 6:
9 6 5 4 3 2 1 8 7 
3 8 2 1 6 7 4 5 9 
1 4 7 9 8 5 3 2 6 
5 3 9 2 7 1 6 4 8 
2 7 6 3 4 8 5 9 1 
4 1 8 5 9 6 2 7 3 
6 9 3 7 5 4 8 1 2 
7 2 4 8 1 3 9 6 5 
8 5 1 6 2 9 7 3 4 

Solution 7:
6 7 5 4 3 2 1 8 9 
9 8 2 1 6 7 4 5 3 
1 4 3 9 8 5 2 7 6 
5 3 9 2 7 1 6 4 8 
2 6 7 3 4 8 5 9 1 
4 1 8 5 9 6 3 2 7 
3 9 6 7 5 4 8 1 2 
7 2 4 8 1 3 9 6 5 
8 5 1 6 2 9 7 3 4 

Solution 8:
9 7 5 4 3 2 1 8 6 
3 8 2 1 6 7 4 5 9 
1 4 6 9 8 5 2 7 3 
5 3 9 2 7 1 6 4 8 
2 6 7 3 4 8 5 9 1 
4 1 8 5 9 6 3 2 7 
6 9 4 7 5 3 8 1 2 
7 2 3 8 1 4 9 6 5 
8 5 1 6 2 9 7 3 4 

Solution 9:
9 7 5 4 3 2 1 8 6 
3 8 2 1 6 7 4 5 9 
1 4 6 9 8 5 2 7 3 
5 3 9 2 7 1 6 4 8 
2 6 7 3 4 8 5 9 1 
4 1 8 5 9 6 3 2 7 
6 9 3 7 5 4 8 1 2 
7 2 4 8 1 3 9 6 5 
8 5 1 6 2 9 7 3 4 

Solution 10:
9 7 5 4 3 2 1 8 6 
3 8 2 1 6 7 4 5 9 
1 4 6 9 8 5 3 2 7 
5 3 9 2 7 1 6 4 8 
2 6 7 8 4 3 5 9 1 
4 1 8 5 9 6 2 7 3 
6 9 3 7 5 4 8 1 2 
7 2 4 3 1 8 9 6 5 
8 5 1 6 2 9 7 3 4 

Solution 11:
9 6 5 4 3 2 1 8 7 
3 8 2 1 6 7 4 5 9 
1 4 7 9 8 5 3 2 6 
5 3 9 2 7 1 6 4 8 
2 7 6 8 4 3 5 9 1 
4 1 8 5 9 6 2 7 3 
6 9 3 7 5 4 8 1 2 
7 2 4 3 1 8 9 6 5 
8 5 1 6 2 9 7 3 4 

Solution 12:
6 7 5 4 3 2 1 8 9 
9 8 2 1 6 7 4 5 3 
1 4 3 9 8 5 2 7 6 
5 3 9 2 7 1 6 4 8 
2 6 7 8 4 3 5 9 1 
4 1 8 5 9 6 3 2 7 
3 9 6 7 5 4 8 1 2 
7 2 4 3 1 8 9 6 5 
8 5 1 6 2 9 7 3 4 

Solution 13:
9 7 5 4 3 2 1 8 6 
3 8 2 1 6 7 4 5 9 
1 4 6 9 8 5 2 7 3 
5 3 9 2 7 1 6 4 8 
2 6 7 8 4 3 5 9 1 
4 1 8 5 9 6 3 2 7 
6 9 3 7 5 4 8 1 2 
7 2 4 3 1 8 9 6 5 
8 5 1 6 2 9 7 3 4 

DLS Time: 818.49 ms


